data/raw/cal_bath/SBE37SM-RS232_03715360_2021_08_13.cnv
* Sea-Bird SBE37SM-RS232  Data File:
* FileName = \\Mac\Home\Documents\Other Projects\Tom_undergrad\SBE37SM-RS232_03715360_2021_08_13.hex
* Software version SeatermV2 2.6.1.12
* Temperature SN = 15360
* Conductivity SN = 15360
* System UpLoad Time = Aug 13 2021 21:06:02
* sample interval = 10 seconds
* <ApplicationData>
# nquan = 6
# nvalues = 1316                                  
# units = specified
# name 0 = timeJ: Julian Days
# name 1 = tv290C: Temperature [ITS-90, deg C]
# name 2 = cond0S/m: Conductivity [S/m]
# name 3 = sal00: Salinity, Practical [PSU]
# name 4 = prdM: Pressure, Strain Gauge [db]
# name 5 = flag:  0.000e+00
# span 0 = 225.725706, 225.877905                 
# span 1 =     0.1177,    30.2064                 
# span 2 =  -0.000194,   0.013056                 
# span 3 =     0.0000,     0.0608                 
# span 4 =     -0.120,      0.467                 
# span 5 = 0.0000e+00, 0.0000e+00                 
# interval = seconds: 10
# start_time = Aug 13 2021 17:25:01 [Instrument's time stamp, first data scan]
# bad_flag = -9.990e-29
*END*
[from data line 1195]
 225.864016    30.0102   0.011471     0.0544      0.359  0.000e+00
 225.864132    30.0122   0.011471     0.0544      0.358  0.000e+00
 225.864248    30.0108   0.011468     0.0544      0.357  0.000e+00
 225.864363    30.0117   0.011471     0.0544      0.358  0.000e+00
 225.864479    30.0105   0.011471     0.0544      0.357  0.000e+00
 225.864595    30.0114   0.011468     0.0544      0.358  0.000e+00
 225.864711    30.0108   0.011471     0.0544      0.359  0.000e+00
 225.864826    30.0114   0.011468     0.0544      0.357  0.000e+00
 225.864942    30.0119   0.011471     0.0544      0.357  0.000e+00
 225.865058    30.0120   0.011468     0.0544      0.357  0.000e+00
 225.865174    30.0108   0.011468     0.0544      0.356  0.000e+00
 225.865289    30.0116   0.011471     0.0544      0.356  0.000e+00
 225.865405    30.0116   0.011471     0.0544      0.356  0.000e+00
 225.865521    30.0088   0.011468     0.0544      0.355  0.000e+00
 225.865637    30.0124   0.011468     0.0544      0.358  0.000e+00
 225.865752    30.0106   0.011471     0.0544      0.356  0.000e+00
 225.865868    30.0096   0.011468     0.0544      0.355  0.000e+00
 225.865984    30.0114   0.011468     0.0544      0.356  0.000e+00
 225.866100    30.0106   0.011468     0.0544      0.353  0.000e+00
 225.866215    30.0116   0.011468     0.0544      0.355  0.000e+00
 225.866331    30.0128   0.011471     0.0544      0.358  0.000e+00
 225.866447    30.0044   0.011471     0.0544      0.353  0.000e+00
 225.866562    30.0125   0.011468     0.0544      0.355  0.000e+00
 225.866678    30.0110   0.011471     0.0544      0.354  0.000e+00
 225.866794    30.0108   0.011468     0.0544      0.355  0.000e+00
 225.866910    30.0113   0.011471     0.0544      0.354  0.000e+00
 225.867025    30.0100   0.011471     0.0544      0.353  0.000e+00
 225.867141    30.0117   0.011468     0.0544      0.352  0.000e+00
 225.867257    30.0097   0.011471     0.0544      0.354  0.000e+00
 225.867373    30.0111   0.011468     0.0544      0.354  0.000e+00
 225.867488    30.0083   0.011471     0.0544      0.352  0.000e+00
 225.867604    30.0110   0.011468     0.0544      0.355  0.000e+00
 225.867720    30.0119   0.011468     0.0544      0.351  0.000e+00
 225.867836    30.0117   0.011471     0.0544      0.353  0.000e+00
 225.867951    30.0106   0.011471     0.0544      0.355  0.000e+00
 225.868067    30.0096   0.011468     0.0544      0.353  0.000e+00
 225.868183    30.0108   0.011471     0.0544      0.352  0.000e+00
 225.868299    30.0122   0.011471     0.0544      0.352  0.000e+00
 225.868414    30.0108   0.011471     0.0544      0.351  0.000e+00
 225.868530    30.0120   0.011471     0.0544      0.353  0.000e+00
 225.868646    30.0130   0.011468     0.0544      0.351  0.000e+00
 225.868762    30.0119   0.011471     0.0544      0.352  0.000e+00
 225.868877    30.0100   0.011468     0.0544      0.352  0.000e+00
 225.868993    30.0103   0.011471     0.0544      0.351  0.000e+00
 225.869109    30.0124   0.011471     0.0544      0.352  0.000e+00
 225.869225    30.0116   0.011471     0.0544      0.351  0.000e+00
 225.869340    30.0096   0.011471     0.0544      0.351  0.000e+00
 225.869456    30.0094   0.011471     0.0544      0.351  0.000e+00
 225.869572    30.0097   0.011471     0.0544      0.352  0.000e+00
 225.869688    30.0113   0.011471     0.0544      0.351  0.000e+00
 225.869803    30.0099   0.011471     0.0544      0.351  0.000e+00
 225.869919    30.0093   0.011474     0.0544      0.351  0.000e+00
 225.870035    30.0097   0.011471     0.0544      0.350  0.000e+00
 225.870150    30.0111   0.011471     0.0544      0.351  0.000e+00
 225.870266    30.0097   0.011471     0.0544      0.351  0.000e+00
 225.870382    30.0072   0.011471     0.0544      0.350  0.000e+00
 225.870498    30.0102   0.011471     0.0544      0.349  0.000e+00
 225.870613    30.0052   0.011471     0.0544      0.349  0.000e+00
 225.870729    30.0071   0.011474     0.0545      0.350  0.000e+00
 225.870845    30.0127   0.011474     0.0544      0.350  0.000e+00
 225.870961    30.0119   0.011471     0.0544      0.348  0.000e+00
 225.871076    30.0122   0.011471     0.0544      0.350  0.000e+00
 225.871192    30.0120   0.011471     0.0544      0.349  0.000e+00
 225.871308    30.0127   0.011474     0.0544      0.349  0.000e+00
 225.871424    30.0094   0.011474     0.0544      0.348  0.000e+00
 225.871539    30.0106   0.011471     0.0544      0.349  0.000e+00
 225.871655    30.0102   0.011474     0.0544      0.351  0.000e+00
 225.871771    30.0006   0.011474     0.0545      0.349  0.000e+00
 225.871887    29.9925   0.011474     0.0545      0.349  0.000e+00
 225.872002    29.9868   0.011474     0.0545      0.348  0.000e+00
 225.872118    29.9678   0.011474     0.0545      0.349  0.000e+00
 225.872234    29.9712   0.011474     0.0545      0.348  0.000e+00
 225.872350    29.9657   0.011474     0.0545      0.346  0.000e+00
 225.872465    29.9608   0.011471     0.0545      0.346  0.000e+00
 225.872581    29.9744   0.011471     0.0545      0.349  0.000e+00
 225.872697    27.2725  -0.000186     0.0000      0.056  0.000e+00
 225.872813    26.5183  -0.000183     0.0000      0.057  0.000e+00
 225.872928    26.3830  -0.000183     0.0000      0.055  0.000e+00
 225.873044    26.1611  -0.000183     0.0000      0.054  0.000e+00
 225.873160    26.1612  -0.000186     0.0000      0.054  0.000e+00
 225.873275    26.1245  -0.000183     0.0000      0.050  0.000e+00
 225.873391    26.3191  -0.000183     0.0000      0.048  0.000e+00
 225.873507    26.3052  -0.000186     0.0000      0.046  0.000e+00
 225.873623    26.4781  -0.000183     0.0000      0.043  0.000e+00
 225.873738    26.4510  -0.000186     0.0000      0.042  0.000e+00
 225.873854    25.7589  -0.000187     0.0000      0.039  0.000e+00
 225.873970    25.9872  -0.000184     0.0000      0.038  0.000e+00
 225.874086    26.1716  -0.000186     0.0000      0.034  0.000e+00
 225.874201    25.9513  -0.000184     0.0000      0.034  0.000e+00
 225.874317    25.7495  -0.000184     0.0000      0.029  0.000e+00
 225.874433    26.0331  -0.000186     0.0000      0.027  0.000e+00
 225.874549    26.1211  -0.000186     0.0000      0.025  0.000e+00
 225.874664    24.7130  -0.000193     0.0000      0.025  0.000e+00
 225.874780    24.1823  -0.000190     0.0000      0.022  0.000e+00
 225.874896    23.0074  -0.000191     0.0000      0.020  0.000e+00
 225.875012    22.4727  -0.000185     0.0000      0.016  0.000e+00
 225.875127    22.6178  -0.000188     0.0000      0.012  0.000e+00
 225.875243    22.2448  -0.000188     0.0000      0.011  0.000e+00
 225.875359    21.8475  -0.000188     0.0000      0.006  0.000e+00
 225.875475    22.0657  -0.000191     0.0000      0.003  0.000e+00
 225.875590    22.3267  -0.000191     0.0000     -0.002  0.000e+00
 225.875706    22.6013  -0.000188     0.0000     -0.005  0.000e+00
 225.875822    22.9198  -0.000191     0.0000     -0.011  0.000e+00
 225.875937    23.1153  -0.000188     0.0000     -0.015  0.000e+00
 225.876053    23.2328  -0.000191     0.0000     -0.020  0.000e+00
 225.876169    23.3944  -0.000191     0.0000     -0.022  0.000e+00
 225.876285    23.4294  -0.000191     0.0000     -0.027  0.000e+00
 225.876400    23.3733  -0.000191     0.0000     -0.029  0.000e+00
 225.876516    23.5631  -0.000191     0.0000     -0.032  0.000e+00
 225.876632    23.5952  -0.000191     0.0000     -0.038  0.000e+00
 225.876748    23.5200  -0.000188     0.0000     -0.042  0.000e+00
 225.876863    23.4578  -0.000188     0.0000     -0.047  0.000e+00
 225.876979    23.3440  -0.000191     0.0000     -0.052  0.000e+00
 225.877095    23.3794  -0.000191     0.0000     -0.053  0.000e+00
 225.877211    23.2946  -0.000191     0.0000     -0.060  0.000e+00
 225.877326    23.3324  -0.000188     0.0000     -0.061  0.000e+00
 225.877442    23.2976  -0.000191     0.0000     -0.065  0.000e+00
 225.877558    23.1876  -0.000191     0.0000     -0.068  0.000e+00
 225.877674    22.9971  -0.000191     0.0000     -0.072  0.000e+00
 225.877789    23.0168  -0.000191     0.0000     -0.077  0.000e+00
 225.877905    23.1398  -0.000194     0.0000     -0.079  0.000e+00
