data/raw/cal_bath/SBE37SM-RS232_03715360_2021_08_13.cnv
* Sea-Bird SBE37SM-RS232  Data File:
* FileName = \\Mac\Home\Documents\Other Projects\Tom_undergrad\SBE37SM-RS232_03715360_2021_08_13.hex
* Software version SeatermV2 2.6.1.12
* Temperature SN = 15360
* Conductivity SN = 15360
* System UpLoad Time = Aug 13 2021 21:06:02
* sample interval = 10 seconds
* <ApplicationData>
# nquan = 6
# nvalues = 1316                                  
# units = specified
# name 0 = timeJ: Julian Days
# name 1 = tv290C: Temperature [ITS-90, deg C]
# name 2 = cond0S/m: Conductivity [S/m]
# name 3 = sal00: Salinity, Practical [PSU]
# name 4 = prdM: Pressure, Strain Gauge [db]
# name 5 = flag:  0.000e+00
# span 0 = 225.725706, 225.877905                 
# span 1 =     0.1177,    30.2064                 
# span 2 =  -0.000194,   0.013056                 
# span 3 =     0.0000,     0.0608                 
# span 4 =     -0.120,      0.467                 
# span 5 = 0.0000e+00, 0.0000e+00                 
# interval = seconds: 10
# start_time = Aug 13 2021 17:25:01 [Instrument's time stamp, first data scan]
# bad_flag = -9.990e-29
*END*
[from data line 717]
 225.808692    12.0259   0.006978     0.0454      0.125  0.000e+00
 225.808808    12.0259   0.006981     0.0454      0.124  0.000e+00
 225.808924    12.0261   0.006981     0.0454      0.125  0.000e+00
 225.809039    12.0269   0.006981     0.0454      0.124  0.000e+00
 225.809155    12.0232   0.006981     0.0454      0.124  0.000e+00
 225.809271    12.0245   0.006978     0.0454      0.124  0.000e+00
 225.809387    12.0261   0.006978     0.0454      0.124  0.000e+00
 225.809502    12.0247   0.006978     0.0454      0.125  0.000e+00
 225.809618    12.0261   0.006981     0.0454      0.124  0.000e+00
 225.809734    12.0265   0.006981     0.0454      0.124  0.000e+00
 225.809850    12.0261   0.006981     0.0454      0.123  0.000e+00
 225.809965    12.0255   0.006978     0.0454      0.123  0.000e+00
 225.810081    12.0267   0.006978     0.0454      0.123  0.000e+00
 225.810197    12.0260   0.006981     0.0454      0.123  0.000e+00
 225.810313    12.0263   0.006978     0.0454      0.121  0.000e+00
 225.810428    12.0254   0.006981     0.0454      0.124  0.000e+00
 225.810544    12.0270   0.006984     0.0454      0.121  0.000e+00
 225.810660    12.0251   0.006978     0.0454      0.120  0.000e+00
 225.810775    12.0287   0.006981     0.0454      0.121  0.000e+00
 225.810891    12.0376   0.006984     0.0454      0.122  0.000e+00
 225.811007    12.0483   0.006984     0.0454      0.119  0.000e+00
 225.811123    12.0546   0.006984     0.0454      0.114  0.000e+00
 225.811238    12.0605   0.006984     0.0454      0.103  0.000e+00
 225.811354    12.0666   0.006984     0.0454      0.099  0.000e+00
 225.811470    12.2391   0.006993     0.0453      0.095  0.000e+00
 225.811586    13.3858   0.007211     0.0458      0.091  0.000e+00
 225.811701    14.7221   0.007502     0.0465      0.093  0.000e+00
 225.811817    16.0092   0.007759     0.0470      0.097  0.000e+00
 225.811933    17.0951   0.007858     0.0468      0.102  0.000e+00
 225.812049    17.0074   0.008006     0.0476      0.112  0.000e+00
 225.812164    17.5039   0.008181     0.0482      0.121  0.000e+00
 225.812280    18.0688   0.008263     0.0482      0.137  0.000e+00
 225.812396    18.0290   0.008292     0.0484      0.150  0.000e+00
 225.812512    18.1132   0.008321     0.0485      0.164  0.000e+00
 225.812627    18.0851   0.008341     0.0486      0.175  0.000e+00
 225.812743    18.0560   0.008341     0.0487      0.184  0.000e+00
 225.812859    18.0304   0.008344     0.0487      0.199  0.000e+00
 225.812975    18.0199   0.008347     0.0487      0.210  0.000e+00
 225.813090    18.0136   0.008347     0.0487      0.214  0.000e+00
 225.813206    18.0133   0.008344     0.0487      0.220  0.000e+00
 225.813322    18.0140   0.008347     0.0487      0.222  0.000e+00
 225.813437    18.0144   0.008347     0.0487      0.223  0.000e+00
 225.813553    18.0161   0.008347     0.0487      0.225  0.000e+00
 225.813669    18.0165   0.008350     0.0487      0.227  0.000e+00
 225.813785    18.0185   0.008347     0.0487      0.225  0.000e+00
 225.813900    18.0215   0.008347     0.0487      0.222  0.000e+00
 225.814016    18.0223   0.008347     0.0487      0.222  0.000e+00
 225.814132    18.0260   0.008350     0.0487      0.222  0.000e+00
 225.814248    18.0287   0.008350     0.0487      0.218  0.000e+00
 225.814363    18.0297   0.008347     0.0487      0.217  0.000e+00
 225.814479    18.0293   0.008353     0.0487      0.213  0.000e+00
 225.814595    18.0298   0.008350     0.0487      0.212  0.000e+00
 225.814711    18.0293   0.008353     0.0487      0.210  0.000e+00
 225.814826    18.0295   0.008353     0.0487      0.209  0.000e+00
 225.814942    18.0284   0.008350     0.0487      0.208  0.000e+00
 225.815058    18.0301   0.008350     0.0487      0.205  0.000e+00
 225.815174    18.0295   0.008353     0.0487      0.202  0.000e+00
 225.815289    18.0302   0.008353     0.0487      0.201  0.000e+00
 225.815405    18.0293   0.008350     0.0487      0.198  0.000e+00
 225.815521    18.0279   0.008350     0.0487      0.198  0.000e+00
 225.815637    18.0285   0.008350     0.0487      0.197  0.000e+00
 225.815752    18.0281   0.008350     0.0487      0.197  0.000e+00
 225.815868    18.0308   0.008350     0.0487      0.194  0.000e+00
 225.815984    18.0298   0.008350     0.0487      0.193  0.000e+00
 225.816100    18.0291   0.008350     0.0487      0.192  0.000e+00
 225.816215    18.0285   0.008347     0.0487      0.191  0.000e+00
 225.816331    18.0276   0.008347     0.0487      0.190  0.000e+00
 225.816447    18.0291   0.008347     0.0487      0.189  0.000e+00
 225.816563    18.0302   0.008347     0.0487      0.187  0.000e+00
 225.816678    18.0293   0.008347     0.0487      0.185  0.000e+00
 225.816794    18.0283   0.008347     0.0487      0.184  0.000e+00
 225.816910    18.0289   0.008350     0.0487      0.181  0.000e+00
 225.817025    18.0294   0.008347     0.0487      0.180  0.000e+00
 225.817141    18.0301   0.008347     0.0487      0.178  0.000e+00
 225.817257    18.0293   0.008347     0.0487      0.179  0.000e+00
 225.817373    18.0297   0.008347     0.0487      0.178  0.000e+00
 225.817488    18.0286   0.008347     0.0487      0.178  0.000e+00
 225.817604    18.0286   0.008344     0.0487      0.176  0.000e+00
 225.817720    18.0288   0.008347     0.0487      0.177  0.000e+00
 225.817836    18.0292   0.008344     0.0487      0.175  0.000e+00
 225.817951    18.0280   0.008344     0.0487      0.176  0.000e+00
 225.818067    18.0289   0.008344     0.0487      0.174  0.000e+00
 225.818183    18.0300   0.008344     0.0487      0.173  0.000e+00
 225.818299    18.0292   0.008341     0.0487      0.174  0.000e+00
 225.818414    18.0287   0.008344     0.0487      0.173  0.000e+00
 225.818530    18.0300   0.008344     0.0487      0.171  0.000e+00
 225.818646    18.0297   0.008344     0.0487      0.171  0.000e+00
 225.818762    18.0258   0.008344     0.0487      0.170  0.000e+00
 225.818877    18.0280   0.008341     0.0487      0.168  0.000e+00
 225.818993    18.0288   0.008344     0.0487      0.167  0.000e+00
 225.819109    18.0285   0.008344     0.0487      0.168  0.000e+00
 225.819225    18.0278   0.008344     0.0487      0.166  0.000e+00
 225.819340    18.0284   0.008341     0.0487      0.166  0.000e+00
 225.819456    18.0287   0.008341     0.0487      0.164  0.000e+00
 225.819572    18.0293   0.008344     0.0487      0.164  0.000e+00
 225.819687    18.0281   0.008341     0.0487      0.163  0.000e+00
 225.819803    18.0292   0.008344     0.0487      0.163  0.000e+00
 225.819919    18.0289   0.008341     0.0487      0.161  0.000e+00
 225.820035    18.0290   0.008341     0.0487      0.160  0.000e+00
 225.820150    18.0298   0.008341     0.0487      0.160  0.000e+00
 225.820266    18.0296   0.008341     0.0487      0.161  0.000e+00
 225.820382    18.0295   0.008341     0.0487      0.159  0.000e+00
 225.820498    18.0280   0.008341     0.0487      0.159  0.000e+00
 225.820613    18.0296   0.008341     0.0487      0.157  0.000e+00
 225.820729    18.0286   0.008341     0.0487      0.158  0.000e+00
 225.820845    18.0279   0.008341     0.0487      0.156  0.000e+00
 225.820961    18.0284   0.008341     0.0487      0.155  0.000e+00
 225.821076    18.0285   0.008338     0.0487      0.154  0.000e+00
 225.821192    18.0286   0.008338     0.0487      0.154  0.000e+00
 225.821308    18.0281   0.008341     0.0487      0.155  0.000e+00
 225.821424    18.0281   0.008341     0.0487      0.153  0.000e+00
 225.821539    18.0268   0.008341     0.0487      0.150  0.000e+00
 225.821655    18.0292   0.008341     0.0487      0.151  0.000e+00
 225.821771    18.0276   0.008338     0.0487      0.151  0.000e+00
 225.821887    18.0307   0.008341     0.0487      0.150  0.000e+00
 225.822002    18.0288   0.008341     0.0487      0.149  0.000e+00
 225.822118    18.0290   0.008338     0.0487      0.148  0.000e+00
 225.822234    18.0297   0.008341     0.0487      0.147  0.000e+00
 225.822350    18.0289   0.008341     0.0487      0.147  0.000e+00
 225.822465    18.0297   0.008338     0.0487      0.146  0.000e+00
 225.822581    18.0284   0.008338     0.0487      0.147  0.000e+00
 225.822697    18.0302   0.008338     0.0487      0.145  0.000e+00
 225.822813    18.0293   0.008338     0.0487      0.142  0.000e+00
 225.822928    18.0287   0.008338     0.0487      0.144  0.000e+00
 225.823044    18.0296   0.008341     0.0487      0.145  0.000e+00
 225.823160    18.0297   0.008338     0.0487      0.142  0.000e+00
 225.823275    18.0295   0.008338     0.0487      0.142  0.000e+00
 225.823391    18.0287   0.008341     0.0487      0.143  0.000e+00
 225.823507    18.0279   0.008338     0.0487      0.140  0.000e+00
 225.823623    18.0287   0.008338     0.0487      0.140  0.000e+00
 225.823738    18.0301   0.008338     0.0487      0.139  0.000e+00
 225.823854    18.0264   0.008338     0.0487      0.140  0.000e+00
 225.823970    18.0286   0.008338     0.0487      0.140  0.000e+00
 225.824086    18.0299   0.008338     0.0487      0.137  0.000e+00
 225.824201    18.0291   0.008338     0.0487      0.138  0.000e+00
 225.824317    18.0272   0.008341     0.0487      0.140  0.000e+00
 225.824433    18.0294   0.008341     0.0487      0.137  0.000e+00
 225.824549    18.0281   0.008338     0.0487      0.137  0.000e+00
 225.824664    18.0282   0.008338     0.0487      0.137  0.000e+00
 225.824780    18.0290   0.008338     0.0487      0.137  0.000e+00
 225.824896    18.0296   0.008338     0.0487      0.136  0.000e+00
 225.825012    18.0300   0.008338     0.0487      0.136  0.000e+00
 225.825127    18.0291   0.008338     0.0487      0.135  0.000e+00
 225.825243    18.0300   0.008341     0.0487      0.135  0.000e+00
 225.825359    18.0284   0.008338     0.0487      0.134  0.000e+00
 225.825475    18.0273   0.008338     0.0487      0.134  0.000e+00
 225.825590    18.0279   0.008338     0.0487      0.135  0.000e+00
 225.825706    18.0274   0.008338     0.0487      0.134  0.000e+00
 225.825822    18.0288   0.008338     0.0487      0.132  0.000e+00
 225.825938    18.0275   0.008338     0.0487      0.133  0.000e+00
 225.826053    18.0272   0.008338     0.0487      0.132  0.000e+00
 225.826169    18.0293   0.008335     0.0486      0.132  0.000e+00
 225.826285    18.0298   0.008338     0.0487      0.131  0.000e+00
 225.826400    18.0272   0.008338     0.0487      0.131  0.000e+00
 225.826516    18.0273   0.008338     0.0487      0.132  0.000e+00
 225.826632    18.0279   0.008335     0.0486      0.129  0.000e+00
 225.826748    18.0294   0.008335     0.0486      0.130  0.000e+00
 225.826863    18.0286   0.008335     0.0486      0.130  0.000e+00
 225.826979    18.0280   0.008335     0.0486      0.130  0.000e+00
 225.827095    18.0280   0.008335     0.0486      0.129  0.000e+00
 225.827211    18.0288   0.008335     0.0486      0.129  0.000e+00
 225.827326    18.0282   0.008335     0.0486      0.129  0.000e+00
 225.827442    18.0275   0.008335     0.0486      0.129  0.000e+00
 225.827558    18.0296   0.008338     0.0487      0.129  0.000e+00
 225.827674    18.0296   0.008335     0.0486      0.130  0.000e+00
 225.827789    18.0283   0.008338     0.0487      0.128  0.000e+00
 225.827905    18.0274   0.008338     0.0487      0.129  0.000e+00
 225.828021    18.0289   0.008338     0.0487      0.128  0.000e+00
 225.828137    18.0277   0.008341     0.0487      0.127  0.000e+00
 225.828252    18.0285   0.008338     0.0487      0.127  0.000e+00
 225.828368    18.0279   0.008338     0.0487      0.128  0.000e+00
 225.828484    18.0276   0.008338     0.0487      0.127  0.000e+00
 225.828600    18.0285   0.008338     0.0487      0.127  0.000e+00
 225.828715    18.0281   0.008338     0.0487      0.126  0.000e+00
 225.828831    18.0272   0.008338     0.0487      0.126  0.000e+00
 225.828947    18.0276   0.008338     0.0487      0.124  0.000e+00
 225.829062    18.0270   0.008335     0.0486      0.124  0.000e+00
 225.829178    18.0289   0.008338     0.0487      0.124  0.000e+00
 225.829294    18.0296   0.008338     0.0487      0.125  0.000e+00
 225.829410    18.0282   0.008335     0.0486      0.126  0.000e+00
 225.829525    18.0264   0.008338     0.0487      0.125  0.000e+00
 225.829641    18.0281   0.008338     0.0487      0.123  0.000e+00
 225.829757    18.0286   0.008338     0.0487      0.125  0.000e+00
 225.829873    18.0278   0.008338     0.0487      0.125  0.000e+00
 225.829988    18.0246   0.008338     0.0487      0.125  0.000e+00
 225.830104    18.0284   0.008341     0.0487      0.124  0.000e+00
 225.830220    18.0283   0.008338     0.0487      0.122  0.000e+00
 225.830336    18.0275   0.008338     0.0487      0.123  0.000e+00
 225.830451    18.0285   0.008338     0.0487      0.122  0.000e+00
 225.830567    18.0277   0.008338     0.0487      0.123  0.000e+00
 225.830683    18.0284   0.008338     0.0487      0.121  0.000e+00
 225.830799    18.0254   0.008338     0.0487      0.123  0.000e+00
 225.830914    18.0271   0.008338     0.0487      0.122  0.000e+00
 225.831030    18.0272   0.008335     0.0486      0.120  0.000e+00
 225.831146    18.0282   0.008338     0.0487      0.121  0.000e+00
 225.831262    18.0282   0.008338     0.0487      0.123  0.000e+00
 225.831377    18.0278   0.008338     0.0487      0.120  0.000e+00
 225.831493    18.0270   0.008338     0.0487      0.120  0.000e+00
 225.831609    18.0273   0.008338     0.0487      0.121  0.000e+00
 225.831725    18.0387   0.008338     0.0487      0.124  0.000e+00
 225.831840    18.0435   0.008341     0.0487      0.122  0.000e+00
 225.831956    18.0497   0.008341     0.0487      0.122  0.000e+00
 225.832072    18.0549   0.008341     0.0487      0.119  0.000e+00
 225.832188    18.0588   0.008341     0.0487      0.120  0.000e+00
 225.832303    18.0634   0.008341     0.0486      0.117  0.000e+00
 225.832419    19.2520   0.008342     0.0478      0.118  0.000e+00
 225.832535    19.0169   0.008408     0.0483      0.117  0.000e+00
 225.832650    20.1949   0.008737     0.0491      0.120  0.000e+00
 225.832766    21.3889   0.009003     0.0496      0.120  0.000e+00
 225.832882    21.2220   0.009049     0.0499      0.125  0.000e+00
 225.832998    22.1858   0.009291     0.0504      0.133  0.000e+00
 225.833113    22.1382   0.009311     0.0505      0.142  0.000e+00
 225.833229    23.0200   0.009480     0.0507      0.153  0.000e+00
 225.833345    24.0315   0.009472     0.0500      0.170  0.000e+00
 225.833461    23.8161   0.009667     0.0510      0.187  0.000e+00
 225.833576    23.8006   0.009678     0.0511      0.203  0.000e+00
 225.833692    24.0026   0.009745     0.0512      0.221  0.000e+00
 225.833808    23.9995   0.009763     0.0513      0.239  0.000e+00
 225.833924    23.9959   0.009783     0.0514      0.255  0.000e+00
 225.834039    23.9976   0.009792     0.0515      0.269  0.000e+00
 225.834155    24.0934   0.009839     0.0516      0.281  0.000e+00
 225.834271    24.0864   0.009830     0.0516      0.293  0.000e+00
 225.834387    24.0608   0.009821     0.0516      0.300  0.000e+00
 225.834502    24.0408   0.009818     0.0516      0.307  0.000e+00
 225.834618    24.0337   0.009815     0.0515      0.312  0.000e+00
 225.834734    24.0292   0.009815     0.0515      0.316  0.000e+00
 225.834850    24.0294   0.009818     0.0516      0.320  0.000e+00
 225.834965    24.0300   0.009818     0.0516      0.321  0.000e+00
 225.835081    24.0326   0.009818     0.0516      0.323  0.000e+00
 225.835197    24.0338   0.009818     0.0516      0.325  0.000e+00
 225.835312    24.0322   0.009818     0.0516      0.325  0.000e+00
 225.835428    24.0337   0.009815     0.0515      0.325  0.000e+00
 225.835544    24.0357   0.009815     0.0515      0.328  0.000e+00
 225.835660    24.0354   0.009812     0.0515      0.329  0.000e+00
 225.835775    24.0356   0.009812     0.0515      0.334  0.000e+00
 225.835891    24.0328   0.009812     0.0515      0.337  0.000e+00
 225.836007    24.0360   0.009810     0.0515      0.339  0.000e+00
 225.836123    24.0360   0.009812     0.0515      0.341  0.000e+00
