data/raw/cal_bath/SBE37SM-RS232_03715360_2021_08_13.cnv
* Sea-Bird SBE37SM-RS232  Data File:
* FileName = \\Mac\Home\Documents\Other Projects\Tom_undergrad\SBE37SM-RS232_03715360_2021_08_13.hex
* Software version SeatermV2 2.6.1.12
* Temperature SN = 15360
* Conductivity SN = 15360
* System UpLoad Time = Aug 13 2021 21:06:02
* sample interval = 10 seconds
* <ApplicationData>
# nquan = 6
# nvalues = 1316                                  
# units = specified
# name 0 = timeJ: Julian Days
# name 1 = tv290C: Temperature [ITS-90, deg C]
# name 2 = cond0S/m: Conductivity [S/m]
# name 3 = sal00: Salinity, Practical [PSU]
# name 4 = prdM: Pressure, Strain Gauge [db]
# name 5 = flag:  0.000e+00
# span 0 = 225.725706, 225.877905                 
# span 1 =     0.1177,    30.2064                 
# span 2 =  -0.000194,   0.013056                 
# span 3 =     0.0000,     0.0608                 
# span 4 =     -0.120,      0.467                 
# span 5 = 0.0000e+00, 0.0000e+00                 
# interval = seconds: 10
# start_time = Aug 13 2021 17:25:01 [Instrument's time stamp, first data scan]
# bad_flag = -9.990e-29
*END*
[from data line 478]
 225.781030     6.0342   0.005741     0.0417      0.159  0.000e+00
 225.781146     6.0338   0.005738     0.0417      0.160  0.000e+00
 225.781262     6.0342   0.005738     0.0417      0.158  0.000e+00
 225.781377     6.0333   0.005741     0.0417      0.157  0.000e+00
 225.781493     6.0334   0.005738     0.0417      0.156  0.000e+00
 225.781609     6.0328   0.005738     0.0417      0.155  0.000e+00
 225.781725     6.0330   0.005738     0.0417      0.153  0.000e+00
 225.781840     6.0317   0.005735     0.0417      0.153  0.000e+00
 225.781956     6.0322   0.005738     0.0417      0.152  0.000e+00
 225.782072     6.0304   0.005738     0.0417      0.151  0.000e+00
 225.782187     6.0307   0.005741     0.0417      0.151  0.000e+00
 225.782303     6.0302   0.005738     0.0417      0.150  0.000e+00
 225.782419     6.0290   0.005738     0.0417      0.149  0.000e+00
 225.782535     6.0296   0.005738     0.0417      0.149  0.000e+00
 225.782650     6.0297   0.005738     0.0417      0.148  0.000e+00
 225.782766     6.0291   0.005735     0.0417      0.148  0.000e+00
 225.782882     6.0289   0.005738     0.0417      0.147  0.000e+00
 225.782998     6.0296   0.005735     0.0417      0.146  0.000e+00
 225.783113     6.0302   0.005735     0.0417      0.146  0.000e+00
 225.783229     6.0319   0.005738     0.0417      0.144  0.000e+00
 225.783345     6.0312   0.005738     0.0417      0.145  0.000e+00
 225.783461     6.0338   0.005738     0.0417      0.145  0.000e+00
 225.783576     6.0335   0.005738     0.0417      0.143  0.000e+00
 225.783692     6.0344   0.005741     0.0417      0.143  0.000e+00
 225.783808     6.0328   0.005741     0.0417      0.142  0.000e+00
 225.783924     6.0372   0.005738     0.0417      0.141  0.000e+00
 225.784039     6.0370   0.005741     0.0417      0.141  0.000e+00
 225.784155     6.0366   0.005738     0.0417      0.140  0.000e+00
 225.784271     6.0377   0.005738     0.0417      0.139  0.000e+00
 225.784387     6.0346   0.005741     0.0417      0.140  0.000e+00
 225.784502     6.0362   0.005741     0.0417      0.139  0.000e+00
 225.784618     6.0353   0.005741     0.0417      0.138  0.000e+00
 225.784734     6.0354   0.005741     0.0417      0.138  0.000e+00
 225.784850     6.0369   0.005741     0.0417      0.137  0.000e+00
 225.784965     6.0367   0.005741     0.0417      0.135  0.000e+00
 225.785081     6.0363   0.005738     0.0417      0.135  0.000e+00
 225.785197     6.0364   0.005741     0.0417      0.135  0.000e+00
 225.785313     6.0343   0.005738     0.0417      0.137  0.000e+00
 225.785428     6.0349   0.005738     0.0417      0.135  0.000e+00
 225.785544     6.0365   0.005738     0.0417      0.135  0.000e+00
 225.785660     6.0344   0.005738     0.0417      0.133  0.000e+00
 225.785775     6.0334   0.005741     0.0417      0.135  0.000e+00
 225.785891     6.0353   0.005738     0.0417      0.133  0.000e+00
 225.786007     6.0339   0.005741     0.0417      0.132  0.000e+00
 225.786123     6.0342   0.005738     0.0417      0.136  0.000e+00
 225.786238     6.0337   0.005738     0.0417      0.132  0.000e+00
 225.786354     6.0339   0.005738     0.0417      0.133  0.000e+00
 225.786470     6.0342   0.005738     0.0417      0.133  0.000e+00
 225.786586     6.0338   0.005738     0.0417      0.131  0.000e+00
 225.786701     6.0344   0.005738     0.0417      0.129  0.000e+00
 225.786817     6.0344   0.005738     0.0417      0.131  0.000e+00
 225.786933     6.0327   0.005738     0.0417      0.130  0.000e+00
 225.787049     6.0343   0.005738     0.0417      0.129  0.000e+00
 225.787164     6.0320   0.005741     0.0417      0.130  0.000e+00
 225.787280     6.0318   0.005738     0.0417      0.128  0.000e+00
 225.787396     6.0328   0.005738     0.0417      0.130  0.000e+00
 225.787512     6.0330   0.005738     0.0417      0.131  0.000e+00
 225.787627     6.0323   0.005738     0.0417      0.129  0.000e+00
 225.787743     6.0317   0.005741     0.0417      0.129  0.000e+00
 225.787859     6.0317   0.005738     0.0417      0.128  0.000e+00
 225.787975     6.0323   0.005738     0.0417      0.128  0.000e+00
 225.788090     6.0332   0.005741     0.0417      0.126  0.000e+00
 225.788206     6.0336   0.005738     0.0417      0.127  0.000e+00
 225.788322     6.0337   0.005738     0.0417      0.126  0.000e+00
 225.788437     6.0345   0.005738     0.0417      0.127  0.000e+00
 225.788553     6.0323   0.005738     0.0417      0.124  0.000e+00
 225.788669     6.0317   0.005738     0.0417      0.126  0.000e+00
 225.788785     6.0314   0.005741     0.0417      0.125  0.000e+00
 225.788900     6.0331   0.005738     0.0417      0.125  0.000e+00
 225.789016     6.0312   0.005741     0.0417      0.126  0.000e+00
 225.789132     6.0315   0.005738     0.0417      0.126  0.000e+00
 225.789248     6.0300   0.005738     0.0417      0.125  0.000e+00
 225.789363     6.0315   0.005738     0.0417      0.125  0.000e+00
 225.789479     6.0317   0.005738     0.0417      0.124  0.000e+00
 225.789595     6.0313   0.005741     0.0417      0.125  0.000e+00
 225.789711     6.0326   0.005741     0.0417      0.124  0.000e+00
 225.789826     6.0322   0.005744     0.0417      0.124  0.000e+00
 225.789942     6.0316   0.005741     0.0417      0.125  0.000e+00
 225.790058     6.0323   0.005741     0.0417      0.124  0.000e+00
 225.790174     6.0317   0.005741     0.0417      0.123  0.000e+00
 225.790289     6.0320   0.005741     0.0417      0.122  0.000e+00
 225.790405     6.0324   0.005738     0.0417      0.124  0.000e+00
 225.790521     6.0338   0.005741     0.0417      0.124  0.000e+00
 225.790637     6.0308   0.005741     0.0417      0.123  0.000e+00
 225.790752     6.0321   0.005741     0.0417      0.123  0.000e+00
 225.790868     6.0331   0.005741     0.0417      0.122  0.000e+00
 225.790984     6.0318   0.005738     0.0417      0.122  0.000e+00
 225.791100     6.0318   0.005738     0.0417      0.122  0.000e+00
 225.791215     6.0334   0.005738     0.0417      0.122  0.000e+00
 225.791331     6.0320   0.005741     0.0417      0.122  0.000e+00
 225.791447     6.0319   0.005741     0.0417      0.122  0.000e+00
 225.791563     6.0319   0.005741     0.0417      0.122  0.000e+00
 225.791678     6.0329   0.005741     0.0417      0.122  0.000e+00
 225.791794     6.0319   0.005741     0.0417      0.122  0.000e+00
 225.791910     6.0311   0.005738     0.0417      0.118  0.000e+00
 225.792025     6.0320   0.005738     0.0417      0.121  0.000e+00
 225.792141     6.0318   0.005741     0.0417      0.122  0.000e+00
 225.792257     6.0325   0.005738     0.0417      0.121  0.000e+00
 225.792373     6.0328   0.005738     0.0417      0.122  0.000e+00
 225.792488     6.0315   0.005741     0.0417      0.120  0.000e+00
 225.792604     6.0334   0.005738     0.0417      0.120  0.000e+00
 225.792720     6.0322   0.005741     0.0417      0.120  0.000e+00
 225.792836     6.0326   0.005738     0.0417      0.120  0.000e+00
 225.792951     6.0324   0.005738     0.0417      0.120  0.000e+00
 225.793067     6.0326   0.005738     0.0417      0.121  0.000e+00
 225.793183     6.0349   0.005741     0.0417      0.117  0.000e+00
 225.793299     6.0493   0.005741     0.0417      0.119  0.000e+00
 225.793414     6.0612   0.005744     0.0417      0.115  0.000e+00
 225.793530     6.0701   0.005747     0.0417      0.113  0.000e+00
 225.793646     6.0810   0.005747     0.0417      0.110  0.000e+00
 225.793762     6.8142   0.005866     0.0420      0.106  0.000e+00
 225.793877     7.4934   0.005988     0.0424      0.108  0.000e+00
 225.793993     8.2329   0.006143     0.0429      0.109  0.000e+00
 225.794109     8.8547   0.006248     0.0431      0.111  0.000e+00
 225.794225     9.4948   0.006402     0.0437      0.117  0.000e+00
 225.794340    10.1517   0.006518     0.0439      0.122  0.000e+00
 225.794456    10.7752   0.006658     0.0444      0.133  0.000e+00
 225.794572    11.3750   0.006809     0.0449      0.143  0.000e+00
 225.794688    11.3404   0.006798     0.0448      0.151  0.000e+00
 225.794803    12.1252   0.008937     0.0574      0.158  0.000e+00
 225.794919    11.9663   0.007292     0.0474      0.169  0.000e+00
 225.795035    12.0405   0.007083     0.0460      0.177  0.000e+00
 225.795150    12.0484   0.007028     0.0457      0.187  0.000e+00
 225.795266    12.0357   0.007007     0.0456      0.191  0.000e+00
 225.795382    12.0320   0.006998     0.0455      0.194  0.000e+00
 225.795498    12.0287   0.006993     0.0455      0.197  0.000e+00
 225.795613    12.0277   0.006987     0.0455      0.200  0.000e+00
 225.795729    12.0284   0.006990     0.0455      0.203  0.000e+00
 225.795845    12.0302   0.006990     0.0455      0.201  0.000e+00
 225.795961    12.0308   0.006987     0.0455      0.202  0.000e+00
 225.796076    12.0307   0.006987     0.0455      0.202  0.000e+00
 225.796192    12.0302   0.006987     0.0455      0.201  0.000e+00
 225.796308    12.0313   0.006987     0.0455      0.202  0.000e+00
 225.796424    12.0318   0.006984     0.0454      0.201  0.000e+00
 225.796539    12.0318   0.006990     0.0455      0.198  0.000e+00
 225.796655    12.0321   0.006987     0.0455      0.196  0.000e+00
 225.796771    12.0320   0.006987     0.0455      0.193  0.000e+00
 225.796887    12.0319   0.006987     0.0455      0.193  0.000e+00
 225.797002    12.0321   0.006987     0.0455      0.191  0.000e+00
 225.797118    12.0328   0.006987     0.0455      0.189  0.000e+00
 225.797234    12.0310   0.006987     0.0455      0.187  0.000e+00
 225.797350    12.0320   0.006987     0.0455      0.187  0.000e+00
 225.797465    12.0323   0.006987     0.0455      0.184  0.000e+00
 225.797581    12.0309   0.006984     0.0454      0.184  0.000e+00
 225.797697    12.0292   0.006987     0.0455      0.182  0.000e+00
 225.797812    12.0272   0.006984     0.0454      0.181  0.000e+00
 225.797928    12.0298   0.006984     0.0454      0.179  0.000e+00
 225.798044    12.0296   0.006984     0.0454      0.179  0.000e+00
 225.798160    12.0299   0.006987     0.0455      0.178  0.000e+00
 225.798275    12.0292   0.006984     0.0454      0.175  0.000e+00
 225.798391    12.0294   0.006984     0.0454      0.177  0.000e+00
 225.798507    12.0294   0.006984     0.0454      0.173  0.000e+00
 225.798623    12.0283   0.006987     0.0455      0.172  0.000e+00
 225.798738    12.0294   0.006984     0.0454      0.172  0.000e+00
 225.798854    12.0289   0.006984     0.0454      0.170  0.000e+00
 225.798970    12.0302   0.006984     0.0454      0.169  0.000e+00
 225.799086    12.0291   0.006984     0.0454      0.168  0.000e+00
 225.799201    12.0285   0.006984     0.0454      0.166  0.000e+00
 225.799317    12.0290   0.006984     0.0454      0.166  0.000e+00
 225.799433    12.0279   0.006984     0.0454      0.164  0.000e+00
 225.799549    12.0291   0.006984     0.0454      0.163  0.000e+00
 225.799664    12.0294   0.006981     0.0454      0.162  0.000e+00
 225.799780    12.0285   0.006981     0.0454      0.161  0.000e+00
 225.799896    12.0274   0.006984     0.0454      0.160  0.000e+00
 225.800012    12.0279   0.006984     0.0454      0.159  0.000e+00
 225.800127    12.0287   0.006984     0.0454      0.160  0.000e+00
 225.800243    12.0294   0.006984     0.0454      0.157  0.000e+00
 225.800359    12.0285   0.006984     0.0454      0.157  0.000e+00
 225.800475    12.0290   0.006984     0.0454      0.158  0.000e+00
 225.800590    12.0276   0.006981     0.0454      0.156  0.000e+00
 225.800706    12.0272   0.006984     0.0454      0.154  0.000e+00
 225.800822    12.0287   0.006984     0.0454      0.154  0.000e+00
 225.800938    12.0276   0.006981     0.0454      0.153  0.000e+00
 225.801053    12.0283   0.006984     0.0454      0.153  0.000e+00
 225.801169    12.0268   0.006984     0.0454      0.151  0.000e+00
 225.801285    12.0273   0.006984     0.0454      0.150  0.000e+00
 225.801400    12.0270   0.006984     0.0454      0.150  0.000e+00
 225.801516    12.0274   0.006981     0.0454      0.150  0.000e+00
 225.801632    12.0274   0.006984     0.0454      0.148  0.000e+00
 225.801748    12.0265   0.006984     0.0454      0.148  0.000e+00
 225.801863    12.0272   0.006984     0.0454      0.146  0.000e+00
 225.801979    12.0285   0.006984     0.0454      0.145  0.000e+00
 225.802095    12.0285   0.006984     0.0454      0.145  0.000e+00
 225.802211    12.0267   0.006984     0.0454      0.147  0.000e+00
 225.802326    12.0295   0.006984     0.0454      0.143  0.000e+00
 225.802442    12.0277   0.006984     0.0454      0.147  0.000e+00
 225.802558    12.0291   0.006984     0.0454      0.144  0.000e+00
 225.802674    12.0289   0.006981     0.0454      0.144  0.000e+00
 225.802789    12.0290   0.006984     0.0454      0.142  0.000e+00
 225.802905    12.0289   0.006981     0.0454      0.141  0.000e+00
 225.803021    12.0297   0.006981     0.0454      0.141  0.000e+00
 225.803137    12.0282   0.006981     0.0454      0.140  0.000e+00
 225.803252    12.0288   0.006981     0.0454      0.141  0.000e+00
 225.803368    12.0282   0.006981     0.0454      0.138  0.000e+00
 225.803484    12.0268   0.006984     0.0454      0.139  0.000e+00
 225.803600    12.0270   0.006984     0.0454      0.137  0.000e+00
 225.803715    12.0279   0.006984     0.0454      0.139  0.000e+00
 225.803831    12.0281   0.006984     0.0454      0.138  0.000e+00
 225.803947    12.0266   0.006981     0.0454      0.136  0.000e+00
 225.804062    12.0278   0.006984     0.0454      0.137  0.000e+00
 225.804178    12.0284   0.006984     0.0454      0.137  0.000e+00
 225.804294    12.0283   0.006984     0.0454      0.136  0.000e+00
 225.804410    12.0293   0.006981     0.0454      0.135  0.000e+00
 225.804525    12.0263   0.006984     0.0454      0.135  0.000e+00
 225.804641    12.0281   0.006981     0.0454      0.133  0.000e+00
 225.804757    12.0274   0.006981     0.0454      0.134  0.000e+00
 225.804873    12.0281   0.006984     0.0454      0.133  0.000e+00
 225.804988    12.0286   0.006981     0.0454      0.134  0.000e+00
 225.805104    12.0274   0.006981     0.0454      0.134  0.000e+00
 225.805220    12.0262   0.006981     0.0454      0.133  0.000e+00
 225.805336    12.0276   0.006981     0.0454      0.132  0.000e+00
 225.805451    12.0281   0.006981     0.0454      0.133  0.000e+00
 225.805567    12.0293   0.006981     0.0454      0.131  0.000e+00
 225.805683    12.0272   0.006981     0.0454      0.131  0.000e+00
 225.805799    12.0274   0.006981     0.0454      0.132  0.000e+00
 225.805914    12.0273   0.006981     0.0454      0.132  0.000e+00
 225.806030    12.0274   0.006981     0.0454      0.131  0.000e+00
 225.806146    12.0267   0.006981     0.0454      0.129  0.000e+00
 225.806262    12.0262   0.006981     0.0454      0.131  0.000e+00
 225.806377    12.0266   0.006981     0.0454      0.130  0.000e+00
 225.806493    12.0264   0.006981     0.0454      0.130  0.000e+00
 225.806609    12.0265   0.006981     0.0454      0.130  0.000e+00
 225.806725    12.0264   0.006981     0.0454      0.128  0.000e+00
 225.806840    12.0250   0.006981     0.0454      0.128  0.000e+00
 225.806956    12.0248   0.006981     0.0454      0.128  0.000e+00
 225.807072    12.0256   0.006981     0.0454      0.128  0.000e+00
 225.807188    12.0263   0.006981     0.0454      0.129  0.000e+00
 225.807303    12.0258   0.006978     0.0454      0.128  0.000e+00
 225.807419    12.0256   0.006981     0.0454      0.128  0.000e+00
 225.807535    12.0256   0.006981     0.0454      0.125  0.000e+00
 225.807650    12.0267   0.006981     0.0454      0.126  0.000e+00
 225.807766    12.0267   0.006981     0.0454      0.125  0.000e+00
 225.807882    12.0262   0.006981     0.0454      0.127  0.000e+00
 225.807998    12.0267   0.006978     0.0454      0.128  0.000e+00
 225.808113    12.0250   0.006978     0.0454      0.126  0.000e+00
 225.808229    12.0251   0.006981     0.0454      0.126  0.000e+00
 225.808345    12.0259   0.006978     0.0454      0.126  0.000e+00
 225.808461    12.0263   0.006978     0.0454      0.125  0.000e+00
