data/raw/cal_bath/SBE37SM-RS232_03715360_2021_08_13.cnv
* Sea-Bird SBE37SM-RS232  Data File:
* FileName = \\Mac\Home\Documents\Other Projects\Tom_undergrad\SBE37SM-RS232_03715360_2021_08_13.hex
* Software version SeatermV2 2.6.1.12
* Temperature SN = 15360
* Conductivity SN = 15360
* System UpLoad Time = Aug 13 2021 21:06:02
* sample interval = 10 seconds
* <ApplicationData>
# nquan = 6
# nvalues = 1316                                  
# units = specified
# name 0 = timeJ: Julian Days
# name 1 = tv290C: Temperature [ITS-90, deg C]
# name 2 = cond0S/m: Conductivity [S/m]
# name 3 = sal00: Salinity, Practical [PSU]
# name 4 = prdM: Pressure, Strain Gauge [db]
# name 5 = flag:  0.000e+00
# span 0 = 225.725706, 225.877905                 
# span 1 =     0.1177,    30.2064                 
# span 2 =  -0.000194,   0.013056                 
# span 3 =     0.0000,     0.0608                 
# span 4 =     -0.120,      0.467                 
# span 5 = 0.0000e+00, 0.0000e+00                 
# interval = seconds: 10
# start_time = Aug 13 2021 17:25:01 [Instrument's time stamp, first data scan]
# bad_flag = -9.990e-29
*END*
[from data line 239]
 225.753368     0.1352   0.004612     0.0371      0.078  0.000e+00
 225.753484     0.1336   0.004612     0.0371      0.079  0.000e+00
 225.753600     0.1353   0.004615     0.0371      0.077  0.000e+00
 225.753715     0.1350   0.004615     0.0371      0.079  0.000e+00
 225.753831     0.1334   0.004615     0.0371      0.079  0.000e+00
 225.753947     0.1362   0.004615     0.0371      0.080  0.000e+00
 225.754063     0.1362   0.004615     0.0371      0.082  0.000e+00
 225.754178     0.1355   0.004612     0.0371      0.078  0.000e+00
 225.754294     0.1349   0.004615     0.0371      0.081  0.000e+00
 225.754410     0.1361   0.004615     0.0371      0.082  0.000e+00
 225.754525     0.1359   0.004615     0.0371      0.082  0.000e+00
 225.754641     0.1349   0.004615     0.0371      0.081  0.000e+00
 225.754757     0.1363   0.004615     0.0371      0.084  0.000e+00
 225.754873     0.1343   0.004612     0.0371      0.083  0.000e+00
 225.754988     0.1351   0.004615     0.0371      0.086  0.000e+00
 225.755104     0.1362   0.004615     0.0371      0.083  0.000e+00
 225.755220     0.1351   0.004615     0.0371      0.084  0.000e+00
 225.755336     0.1355   0.004618     0.0372      0.084  0.000e+00
 225.755451     0.1352   0.004615     0.0371      0.086  0.000e+00
 225.755567     0.1369   0.004615     0.0371      0.084  0.000e+00
 225.755683     0.1373   0.004615     0.0371      0.087  0.000e+00
 225.755799     0.1354   0.004612     0.0371      0.087  0.000e+00
 225.755914     0.1359   0.004612     0.0371      0.088  0.000e+00
 225.756030     0.1353   0.004615     0.0371      0.086  0.000e+00
 225.756146     0.1366   0.004612     0.0371      0.089  0.000e+00
 225.756262     0.1358   0.004612     0.0371      0.088  0.000e+00
 225.756377     0.1359   0.004612     0.0371      0.090  0.000e+00
 225.756493     0.1359   0.004615     0.0371      0.090  0.000e+00
 225.756609     0.1358   0.004612     0.0371      0.089  0.000e+00
 225.756725     0.1358   0.004615     0.0371      0.089  0.000e+00
 225.756840     0.1367   0.004615     0.0371      0.090  0.000e+00
 225.756956     0.1368   0.004615     0.0371      0.092  0.000e+00
 225.757072     0.1368   0.004612     0.0371      0.091  0.000e+00
 225.757187     0.1359   0.004615     0.0371      0.089  0.000e+00
 225.757303     0.1363   0.004612     0.0371      0.093  0.000e+00
 225.757419     0.1362   0.004615     0.0371      0.093  0.000e+00
 225.757535     0.1359   0.004615     0.0371      0.093  0.000e+00
 225.757650     0.1360   0.004615     0.0371      0.091  0.000e+00
 225.757766     0.1368   0.004612     0.0371      0.092  0.000e+00
 225.757882     0.1364   0.004612     0.0371      0.093  0.000e+00
 225.757998     0.1360   0.004615     0.0371      0.094  0.000e+00
 225.758113     0.1344   0.004615     0.0371      0.094  0.000e+00
 225.758229     0.1359   0.004615     0.0371      0.095  0.000e+00
 225.758345     0.1363   0.004615     0.0371      0.094  0.000e+00
 225.758461     0.1355   0.004612     0.0371      0.093  0.000e+00
 225.758576     0.1358   0.004615     0.0371      0.095  0.000e+00
 225.758692     0.1355   0.004612     0.0371      0.095  0.000e+00
 225.758808     0.1364   0.004615     0.0371      0.095  0.000e+00
 225.758924     0.1351   0.004615     0.0371      0.096  0.000e+00
 225.759039     0.1359   0.004615     0.0371      0.095  0.000e+00
 225.759155     0.1346   0.004612     0.0371      0.094  0.000e+00
 225.759271     0.1367   0.004615     0.0371      0.097  0.000e+00
 225.759387     0.1354   0.004612     0.0371      0.096  0.000e+00
 225.759502     0.1370   0.004615     0.0371      0.097  0.000e+00
 225.759618     0.1356   0.004615     0.0371      0.096  0.000e+00
 225.759734     0.1362   0.004615     0.0371      0.096  0.000e+00
 225.759850     0.1380   0.004615     0.0371      0.097  0.000e+00
 225.759965     0.1354   0.004615     0.0371      0.098  0.000e+00
 225.760081     0.1353   0.004615     0.0371      0.098  0.000e+00
 225.760197     0.1357   0.004615     0.0371      0.098  0.000e+00
 225.760313     0.1358   0.004615     0.0371      0.098  0.000e+00
 225.760428     0.1365   0.004615     0.0371      0.098  0.000e+00
 225.760544     0.1365   0.004615     0.0371      0.098  0.000e+00
 225.760660     0.1361   0.004615     0.0371      0.098  0.000e+00
 225.760775     0.1361   0.004615     0.0371      0.099  0.000e+00
 225.760891     0.1368   0.004615     0.0371      0.098  0.000e+00
 225.761007     0.1355   0.004615     0.0371      0.099  0.000e+00
 225.761123     0.1364   0.004615     0.0371      0.101  0.000e+00
 225.761238     0.1355   0.004618     0.0372      0.099  0.000e+00
 225.761354     0.1366   0.004615     0.0371      0.099  0.000e+00
 225.761470     0.1376   0.004615     0.0371      0.098  0.000e+00
 225.761586     0.1361   0.004618     0.0372      0.099  0.000e+00
 225.761701     0.1370   0.004615     0.0371      0.104  0.000e+00
 225.761817     0.1364   0.004615     0.0371      0.101  0.000e+00
 225.761933     0.1357   0.004615     0.0371      0.099  0.000e+00
 225.762049     0.1363   0.004618     0.0372      0.102  0.000e+00
 225.762164     0.1368   0.004615     0.0371      0.103  0.000e+00
 225.762280     0.1368   0.004615     0.0371      0.102  0.000e+00
 225.762396     0.1349   0.004615     0.0371      0.102  0.000e+00
 225.762512     0.1365   0.004615     0.0371      0.099  0.000e+00
 225.762627     0.1376   0.004615     0.0371      0.103  0.000e+00
 225.762743     0.1356   0.004615     0.0371      0.101  0.000e+00
 225.762859     0.1360   0.004615     0.0371      0.103  0.000e+00
 225.762975     0.1358   0.004615     0.0371      0.102  0.000e+00
 225.763090     0.1364   0.004615     0.0371      0.102  0.000e+00
 225.763206     0.1368   0.004618     0.0372      0.104  0.000e+00
 225.763322     0.1374   0.004615     0.0371      0.105  0.000e+00
 225.763438     0.1357   0.004615     0.0371      0.104  0.000e+00
 225.763553     0.1356   0.004615     0.0371      0.103  0.000e+00
 225.763669     0.1355   0.004618     0.0372      0.103  0.000e+00
 225.763785     0.1371   0.004615     0.0371      0.103  0.000e+00
 225.763900     0.1360   0.004618     0.0372      0.104  0.000e+00
 225.764016     0.1383   0.004615     0.0371      0.104  0.000e+00
 225.764132     0.1364   0.004618     0.0372      0.103  0.000e+00
 225.764248     0.1375   0.004618     0.0372      0.104  0.000e+00
 225.764363     0.1364   0.004615     0.0371      0.105  0.000e+00
 225.764479     0.1363   0.004618     0.0372      0.105  0.000e+00
 225.764595     0.1359   0.004618     0.0372      0.103  0.000e+00
 225.764711     0.1371   0.004618     0.0372      0.106  0.000e+00
 225.764826     0.1374   0.004615     0.0371      0.105  0.000e+00
 225.764942     0.1364   0.004615     0.0371      0.105  0.000e+00
 225.765058     0.1361   0.004615     0.0371      0.104  0.000e+00
 225.765174     0.1371   0.004615     0.0371      0.104  0.000e+00
 225.765289     0.1369   0.004618     0.0372      0.105  0.000e+00
 225.765405     0.1369   0.004618     0.0372      0.105  0.000e+00
 225.765521     0.1368   0.004615     0.0371      0.105  0.000e+00
 225.765637     0.1358   0.004618     0.0372      0.106  0.000e+00
 225.765752     0.1353   0.004618     0.0372      0.108  0.000e+00
 225.765868     0.1375   0.004615     0.0371      0.106  0.000e+00
 225.765984     0.1355   0.004615     0.0371      0.106  0.000e+00
 225.766100     0.1361   0.004615     0.0371      0.106  0.000e+00
 225.766215     0.1365   0.004618     0.0372      0.106  0.000e+00
 225.766331     0.1359   0.004618     0.0372      0.106  0.000e+00
 225.766447     0.1371   0.004615     0.0371      0.105  0.000e+00
 225.766562     0.1371   0.004618     0.0372      0.108  0.000e+00
 225.766678     0.1366   0.004615     0.0371      0.106  0.000e+00
 225.766794     0.1360   0.004615     0.0371      0.107  0.000e+00
 225.766910     0.1371   0.004615     0.0371      0.108  0.000e+00
 225.767025     0.1369   0.004615     0.0371      0.107  0.000e+00
 225.767141     0.1366   0.004615     0.0371      0.108  0.000e+00
 225.767257     0.1372   0.004612     0.0371      0.108  0.000e+00
 225.767373     0.1366   0.004618     0.0372      0.109  0.000e+00
 225.767488     0.1369   0.004615     0.0371      0.108  0.000e+00
 225.767604     0.1370   0.004618     0.0372      0.108  0.000e+00
 225.767720     0.1363   0.004618     0.0372      0.107  0.000e+00
 225.767836     0.1366   0.004618     0.0372      0.109  0.000e+00
 225.767951     0.1371   0.004612     0.0371      0.107  0.000e+00
 225.768067     0.1369   0.004618     0.0372      0.108  0.000e+00
 225.768183     0.1359   0.004615     0.0371      0.107  0.000e+00
 225.768299     0.1362   0.004618     0.0372      0.107  0.000e+00
 225.768414     0.1366   0.004618     0.0372      0.108  0.000e+00
 225.768530     0.1365   0.004618     0.0372      0.108  0.000e+00
 225.768646     0.1371   0.004615     0.0371      0.109  0.000e+00
 225.768762     0.1371   0.004615     0.0371      0.109  0.000e+00
 225.768877     0.1359   0.004618     0.0372      0.109  0.000e+00
 225.768993     0.1353   0.004615     0.0371      0.110  0.000e+00
 225.769109     0.1366   0.004618     0.0372      0.108  0.000e+00
 225.769225     0.1363   0.004618     0.0372      0.110  0.000e+00
 225.769340     0.1350   0.004618     0.0372      0.108  0.000e+00
 225.769456     0.1366   0.004618     0.0372      0.109  0.000e+00
 225.769572     0.1356   0.004612     0.0371      0.109  0.000e+00
 225.769688     0.1362   0.004609     0.0371      0.110  0.000e+00
 225.769803     0.1355   0.004621     0.0372      0.109  0.000e+00
 225.769919     0.1359   0.004612     0.0371      0.109  0.000e+00
 225.770035     0.1375   0.004624     0.0372      0.109  0.000e+00
 225.770150     0.1372   0.004612     0.0371      0.108  0.000e+00
 225.770266     0.1370   0.004612     0.0371      0.109  0.000e+00
 225.770382     0.1352   0.004612     0.0371      0.109  0.000e+00
 225.770498     0.1362   0.004621     0.0372      0.108  0.000e+00
 225.770613     0.1366   0.004615     0.0371      0.108  0.000e+00
 225.770729     0.1364   0.004612     0.0371      0.109  0.000e+00
 225.770845     0.1359   0.004612     0.0371      0.109  0.000e+00
 225.770961     0.1356   0.004621     0.0372      0.110  0.000e+00
 225.771076     0.1370   0.004618     0.0372      0.109  0.000e+00
 225.771192     0.1369   0.004615     0.0371      0.109  0.000e+00
 225.771308     0.1363   0.004615     0.0371      0.109  0.000e+00
 225.771424     0.1370   0.004615     0.0371      0.108  0.000e+00
 225.771539     0.1374   0.004618     0.0372      0.111  0.000e+00
 225.771655     0.1359   0.004615     0.0371      0.111  0.000e+00
 225.771771     0.1375   0.004618     0.0372      0.109  0.000e+00
 225.771887     0.1371   0.004618     0.0372      0.110  0.000e+00
 225.772002     0.1365   0.004618     0.0372      0.110  0.000e+00
 225.772118     0.1357   0.004612     0.0371      0.110  0.000e+00
 225.772234     0.1364   0.004615     0.0371      0.108  0.000e+00
 225.772350     0.1361   0.004615     0.0371      0.111  0.000e+00
 225.772465     0.1365   0.004618     0.0372      0.110  0.000e+00
 225.772581     0.1378   0.004621     0.0372      0.111  0.000e+00
 225.772697     0.1358   0.004618     0.0372      0.111  0.000e+00
 225.772812     0.1360   0.004618     0.0372      0.110  0.000e+00
 225.772928     0.1346   0.004618     0.0372      0.111  0.000e+00
 225.773044     0.1348   0.004621     0.0372      0.111  0.000e+00
 225.773160     0.1424   0.004621     0.0372      0.109  0.000e+00
 225.773275     0.1577   0.004618     0.0372      0.110  0.000e+00
 225.773391     0.1723   0.004618     0.0371      0.111  0.000e+00
 225.773507     0.1888   0.004624     0.0372      0.112  0.000e+00
 225.773623     0.2038   0.004621     0.0371      0.111  0.000e+00
 225.773738     0.2185   0.004624     0.0372      0.110  0.000e+00
 225.773854     0.2350   0.004627     0.0372      0.112  0.000e+00
 225.773970     0.2516   0.004629     0.0372      0.111  0.000e+00
 225.774086     0.2676   0.004635     0.0372      0.112  0.000e+00
 225.774201     0.2828   0.004638     0.0372      0.110  0.000e+00
 225.774317     0.3053   0.004644     0.0373      0.112  0.000e+00
 225.774433     0.3215   0.004641     0.0372      0.112  0.000e+00
 225.774549     0.3366   0.004644     0.0372      0.112  0.000e+00
 225.774664     0.3535   0.004647     0.0373      0.112  0.000e+00
 225.774780     1.1863   0.004792     0.0379      0.115  0.000e+00
 225.774896     2.0092   0.004929     0.0384      0.116  0.000e+00
 225.775012     2.7382   0.005031     0.0387      0.118  0.000e+00
 225.775127     3.4599   0.005177     0.0394      0.123  0.000e+00
 225.775243     4.3165   0.005261     0.0394      0.129  0.000e+00
 225.775359     5.2814   0.005343     0.0393      0.138  0.000e+00
 225.775475     5.3165   0.005459     0.0402      0.147  0.000e+00
 225.775590     5.5975   0.005599     0.0410      0.160  0.000e+00
 225.775706     5.5680   0.005596     0.0410      0.177  0.000e+00
 225.775822     5.5683   0.005607     0.0411      0.193  0.000e+00
 225.775938     5.5722   0.005625     0.0412      0.207  0.000e+00
 225.776053     5.5796   0.005630     0.0412      0.224  0.000e+00
 225.776169     5.8420   0.005671     0.0413      0.237  0.000e+00
 225.776285     6.2188   0.005776     0.0418      0.217  0.000e+00
 225.776400     6.1520   0.005753     0.0417      0.209  0.000e+00
 225.776516     6.1371   0.005750     0.0417      0.205  0.000e+00
 225.776632     6.1217   0.005747     0.0417      0.205  0.000e+00
 225.776748     6.1067   0.005753     0.0417      0.205  0.000e+00
 225.776863     6.0888   0.005741     0.0417      0.203  0.000e+00
 225.776979     6.0754   0.005741     0.0417      0.203  0.000e+00
 225.777095     6.0642   0.005747     0.0417      0.203  0.000e+00
 225.777211     6.0531   0.005744     0.0417      0.201  0.000e+00
 225.777326     6.0358   0.005738     0.0417      0.200  0.000e+00
 225.777442     6.0282   0.005735     0.0417      0.198  0.000e+00
 225.777558     6.0290   0.005741     0.0417      0.199  0.000e+00
 225.777674     6.0288   0.005741     0.0417      0.197  0.000e+00
 225.777789     6.0306   0.005738     0.0417      0.194  0.000e+00
 225.777905     6.0316   0.005738     0.0417      0.192  0.000e+00
 225.778021     6.0320   0.005741     0.0417      0.193  0.000e+00
 225.778137     6.0330   0.005738     0.0417      0.191  0.000e+00
 225.778252     6.0343   0.005738     0.0417      0.189  0.000e+00
 225.778368     6.0358   0.005738     0.0417      0.188  0.000e+00
 225.778484     6.0344   0.005738     0.0417      0.186  0.000e+00
 225.778600     6.0355   0.005738     0.0417      0.185  0.000e+00
 225.778715     6.0357   0.005738     0.0417      0.183  0.000e+00
 225.778831     6.0359   0.005738     0.0417      0.183  0.000e+00
 225.778947     6.0353   0.005738     0.0417      0.180  0.000e+00
 225.779063     6.0368   0.005735     0.0416      0.181  0.000e+00
 225.779178     6.0369   0.005738     0.0417      0.180  0.000e+00
 225.779294     6.0366   0.005741     0.0417      0.179  0.000e+00
 225.779410     6.0367   0.005738     0.0417      0.178  0.000e+00
 225.779525     6.0367   0.005741     0.0417      0.177  0.000e+00
 225.779641     6.0357   0.005738     0.0417      0.174  0.000e+00
 225.779757     6.0363   0.005738     0.0417      0.173  0.000e+00
 225.779873     6.0345   0.005741     0.0417      0.172  0.000e+00
 225.779988     6.0360   0.005738     0.0417      0.171  0.000e+00
 225.780104     6.0370   0.005738     0.0417      0.170  0.000e+00
 225.780220     6.0366   0.005741     0.0417      0.168  0.000e+00
 225.780336     6.0365   0.005738     0.0417      0.166  0.000e+00
 225.780451     6.0336   0.005741     0.0417      0.166  0.000e+00
 225.780567     6.0365   0.005741     0.0417      0.164  0.000e+00
 225.780683     6.0348   0.005741     0.0417      0.164  0.000e+00
 225.780799     6.0351   0.005738     0.0417      0.164  0.000e+00
